
Status: PASSED!
Check: 1
Test: 300 to 500 case 1
Reason: None
Timestamp: 2025-02-10 03:34:11.860998

Status: PASSED!
Check: 2
Test: 300 to 500 case 1 final account balance
Reason: 429.20 + ` was found in the program.None
Timestamp: 2025-02-10 03:34:11.861189
